303 430 421 457 23 312 493 119 220 170 169 410 327 436 382 75 181 134 276 393 296 31 211 90 87 404 329 177 111 62 388 450 19 67 356 120 164 267 24 168 395 385 71 209 447 284 298 262 140 64 165 374 176 113 499 456 166 88 341 41 146 315 43 175 343 34 163 207 81 487 278 352 285 188 274 233 152 481 411 333 358 229 474 496 105 156 349 185 115 497 37 381 221 132 33 55 89 301 264 269 309 271 17 297 197 18 439 26 224 172 419 122 494 434 40 39 316 379 137 14 189 82 295 253 270 462 194 139 409 431 198 72 20 74 414 288 397 362 371 306 423 441 258 22 100 368 432 427 228 420 106 336 32 351 407 27 21 204 307 225 127 453 500 123 174 117 38 214 242 190 86 30 202 446 201 102 51 93 378 109 85 313 112 317 143 260 147 475 25 240 461 15 263 148 135 490 69 417 65 348 227 488 212 473 311 377 235 48 157 372 250 94 35 238 6 483 218 424 290 200 321 145 451 471 77 217 345 354 110 293 232 338 480 58 76 477 173 366 116 161 380 249 299 429 482 268 484 363 144 153 394 208 84 412 291 184 389 470 365 464 29 4 167 337 479 239 150 305 320 131 133 244 219 56 445 254 465 54 310 60 104 444 160 452 193 386 332 216 486 435 223 191 498 283 91 314 3 355 476 339 373 159 16 467 392 367 458 96 68 241 195 485 369 257 340 63 215 328 281 114 418 390 162 101 222 231 350 360 199 171 370 304 49 438 383 129 108 335 491 495 364 126 326 387 401 252 334 11 8 347 53 80 83 230 99 151 287 405 396 413 265 12 280 273 266 319 128 259 463 406 141 136 286 158 425 353 318 376 118 210 205 443 178 472 42 121 331 400 248 107 468 292 433 236 46 346 323 28 344 361 97 36 125 50 454 182 213 359 187 342 308 179 70 399 492 47 357 7 459 245 237 275 95 448 52 277 428 2 422 322 10 478 416 226 440 124 79 460 1 247 466 402 302 398 246 142 192 442 384 154 437 234 73 180 282 243 186 183 403 57 78 408 489 449 469 5 455 92 149 98 330 203 391 251 375 61 44 325 138 415 59 9 289 196 103 279 66 155 261 13 256 130 324 206 45 294 300 255 272 426

489 191 259 364 223 18 418 254 279 165 359 53 260 1 425 220 465 326 209 189 263 323 270 86 344 105 368 129 174 261 182 399 6 107 84 424 233 181 402 26 485 388 310 366 9 25 292 280 210 428 96 166 208 8 151 40 69 362 328 114 490 379 70 274 136 99 124 168 46 392 92 333 103 384 15 139 433 313 19 252 468 436 150 246 442 455 267 37 497 296 157 224 88 119 175 453 216 205 282 142 55 474 173 307 16 161 475 10 478 97 62 290 456 85 152 93 432 130 38 469 178 128 405 116 308 248 393 451 211 77 409 324 302 13 342 462 28 377 159 493 115 51 281 134 287 111 56 495 464 483 314 479 369 317 180 240 230 243 327 239 264 213 477 288 262 397 472 98 33 284 131 60 225 350 386 17 76 146 90 147 358 419 415 319 100 83 450 334 87 64 0 434 218 265 163 2 480 117 330 294 297 179 458 476 383 348 376 337 443 492 155 203 206 394 352 471 42 138 435 154 346 49 398 372 309 338 283 126 204 341 24 22 318 144 108 91 457 420 257 183 276 79 127 68 452 427 54 21 400 167 345 298 391 321 94 494 63 185 234 82 355 365 187 339 242 125 118 332 431 172 253 145 408 413 36 197 360 186 258 215 245 81 229 401 363 340 72 4 201 353 57 198 184 500 207 272 193 422 148 301 438 101 320 12 440 268 102 266 331 48 430 325 416 39 65 31 484 58 423 156 378 133 454 371 95 228 59 123 227 396 336 322 491 244 66 417 347 250 221 249 219 222 304 74 110 217 29 67 311 120 141 367 447 407 20 463 140 73 14 356 315 160 132 466 299 444 486 414 7 226 382 271 293 196 441 426 238 255 329 295 200 411 23 247 5 403 135 429 113 188 285 278 381 43 30 460 47 275 390 177 194 312 32 256 192 459 446 236 374 89 361 354 170 380 481 404 241 461 473 176 61 71 389 162 448 498 449 306 158 289 251 164 214 406 34 305 171 277 122 199 343 385 231 50 104 373 237 467 412 195 300 75 488 153 121 303 370 143 190 357 235 11 27 106 316 78 335 45 445 499 202 35 44 410 41 387 375 212 232 269 149 349 470 52 437 137 112 291 487 395 439 286 273 421 351 496 169 3 109 80 482

push_swap.c push_swap_error.c push_swap_utils.c push_swap_operation.c ft_pop_push.c \
	push_swap_operation2.c little_algo.c big_algo.c ft_cost.c ft_lowcost.c \
	max_min.c


	int		size;

	size = lstsize(stack_a) / 2;
	while (lstsize(stack_b) != size)
	{
		if ((*stack_a)->nbr > mediane)
			ft_push(stack_b, stack_a, "pb\n");
		else
			ft_rotate(stack_a, "ra\n");
	}
	if (lstsize(stack_a) > 5)
		while ((*stack_a)->next->next->next->next->next)
			ft_push(stack_b, stack_a, "pb\n");
	else
		while ((*stack_a)->next->next)
			ft_push(stack_b, stack_a, "pb\n");
	ft_five(stack_a, stack_b);